image_width: 640
image_height: 480
camera_name: test
camera_matrix:
  rows: 3
  cols: 3
  data: [641.650188, 0.000000, 311.974380, 0.000000, 641.371720, 228.580277, 0.000000, 0.000000, 1.000000]
distortion_model: plumb_bob
distortion_coefficients:
  rows: 1
  cols: 5
  data: [0.032609, -0.085947, -0.000148, -0.004368, 0.000000]
rectification_matrix:
  rows: 3
  cols: 3
  data: [1.000000, 0.000000, 0.000000, 0.000000, 1.000000, 0.000000, 0.000000, 0.000000, 1.000000]
projection_matrix:
  rows: 3
  cols: 4
  data: [643.172119, 0.000000, 309.837902, 0.000000, 0.000000, 645.007263, 228.486546, 0.000000, 0.000000, 0.000000, 1.000000, 0.000000]
